5.0
15.0
25.0
35.0
45.0
55.0
65.0
75.0
85.0
95.0
105.0
115.0
125.0
135.0
145.0
155.0
165.0
174.99999999999997
185.0
194.99999999999997
205.0
215.0
225.0
235.0
245.0
255.0
265.0
275.00000000000006
285.0
295.0
305.0
315.00000000000006
325.0
334.99999999999994
344.99999999999994
355.0
365.0
375.0
384.99999999999994
395.0
405.0
415.0
425.0
435.0
445.0
455.0
465.0
475.00000000000006
485.0
495.0
505.0
515.0
525.0
535.0
545.0000000000001
555.0
565.0
575.0
585.0
595.0
605.0
615.0
625.0000000000001
635.0
645.0
655.0
664.9999999999999
675.0
684.9999999999999
695.0
705.0
715.0
725.0
735.0
745.0
755.0000000000001
764.9999999999999
775.0
785.0
795.0
805.0
815.0
825.0
835.0000000000001
845.0
855.0
865.0
874.9999999999999
885.0
894.9999999999999
905.0
915.0
925.0
935.0
945.0000000000001
955.0
965.0
975.0
985.0
995.0000000000001
1005.0
1014.9999999999999
1025.0
1035.0
1045.0
1055.0
1065.0
1075.0
1085.0000000000002
1094.9999999999998
1105.0
1115.0
1125.0
1135.0
1145.0
1155.0
1165.0
1175.0
1185.0
1195.0000000000002
1205.0
1214.9999999999998
1225.0
1235.0
1245.0000000000002
1254.9999999999998
1265.0
1275.0
1285.0
1295.0
1305.0
1315.0
1324.9999999999998
1335.0
1345.0
1355.0000000000002
1364.9999999999998
1375.0
1385.0
1395.0000000000002
1405.0
1414.9999999999998
1425.0
1435.0
1445.0
1455.0
1465.0
1475.0
1485.0
1495.0
1505.0000000000002
1515.0
1524.9999999999998
1535.0
1545.0
1555.0
1565.0
1575.0
1585.0
1595.0
1605.0
1615.0
1625.0
1634.9999999999998
1645.0
1655.0
1665.0000000000002
1675.0
1685.0
1695.0
1705.0
1715.0
1725.0
1735.0
1744.9999999999998
1755.0
1765.0
1775.0000000000002
1784.9999999999998
1795.0
1805.0
1815.0
1825.0
1835.0
1845.0
1855.0
1865.0
1875.0
1885.0000000000002
1895.0
1905.0
1915.0
1925.0
1934.9999999999998
1945.0
1955.0
1965.0
1974.9999999999998
1985.0000000000002
1995.0
2005.0
2014.9999999999998
2024.9999999999998
2035.0000000000002
2045.0000000000002
2055.0
2065.0
2075.0
2085.0
2095.0
2105.0
2115.0
2125.0
2135.0
2145.0
2155.0
2165.0000000000005
2175.0000000000005
2184.9999999999995
2194.9999999999995
2205.0
2215.0
2225.0
2235.0
2245.0
2255.0000000000005
2265.0
2275.0
2285.0
2295.0
2305.0
2315.0
2325.0
2335.0
2345.0
2355.0
2365.0
2375.0
2385.0000000000005
2395.0
2405.0
2414.9999999999995
2424.9999999999995
2435.0
2445.0
2455.0
2465.0
2475.0000000000005
2485.0000000000005
2495.0
2504.9999999999995
2515.0
2525.0
2535.0
2545.0
2555.0
2565.0
2575.0
2585.0
2595.0
2605.0
2615.0
2625.0
2635.0
2644.9999999999995
2655.0
2665.0
2675.0
2685.0
2695.0000000000005
2705.0000000000005
2715.0
2724.9999999999995
2734.9999999999995
2745.0
2755.0
2765.0
2775.0
2785.0000000000005
2795.0
2805.0
2815.0
2824.9999999999995
2835.0
2845.0
2855.0
2865.0
2875.0
2885.0
2895.0
2905.0
2915.0000000000005
2925.0
2935.0
2945.0
2954.9999999999995
2965.0
2975.0
2985.0
2995.0
3005.0000000000005
3015.0000000000005
3025.0
3034.9999999999995
3044.9999999999995
3055.0
3065.0
3075.0
3085.0
3095.0000000000005
3105.0
3115.0
3125.0
3135.0
3145.0
3155.0
3165.0
3175.0
3185.0
3195.0
3205.0
3215.0
3225.0
3235.0000000000005
3245.0
3254.9999999999995
3264.9999999999995
3275.0
3285.0
3295.0
3305.0
3315.0000000000005
3325.0000000000005
3335.0
3345.0
3354.9999999999995
3365.0
3375.0
3385.0
3395.0
3405.0
3415.0
3425.0
3435.0
3445.0
3455.0
3465.0
3475.0
3484.9999999999995
3495.0
3505.0
3515.0
3525.0
3535.0
3545.0000000000005
3555.0000000000005
3564.9999999999995
3574.9999999999995
3585.0
3595.0
3605.0
3615.0
3625.0
3635.0
3645.0
3655.0
3665.0
3675.0
3685.0
3695.0
3705.0
3715.0
3725.0
3735.0
3745.0
3755.0
3765.0000000000005
3775.0
3785.0
3794.9999999999995
3805.0
3815.0
3825.0
