5.0
15.0
25.0
35.0
45.0
55.0
65.0
75.0
85.0
95.0
105.0
115.0
125.0
135.0
145.0
155.0
165.0
175.0
185.0
194.99999999999997
205.0
215.0
225.0
235.0
245.0
255.0
265.0
275.00000000000006
285.0
295.0
305.0
315.0
325.0
335.0
345.0
355.0
365.0
375.0
384.99999999999994
394.99999999999994
405.0
415.0
425.0
435.0
445.0
455.0
465.0
475.00000000000006
485.0
495.0
505.0
515.0
525.0
535.0
545.0000000000001
555.0
565.0
575.0
585.0
595.0
605.0
614.9999999999999
625.0
634.9999999999999
645.0
655.0
665.0
675.0
685.0
695.0000000000001
705.0
715.0
725.0
735.0
745.0
755.0
764.9999999999999
775.0
784.9999999999999
795.0000000000001
805.0
815.0
825.0
835.0
845.0
855.0
865.0
875.0
885.0
895.0
905.0
914.9999999999999
925.0
935.0
945.0000000000001
955.0
965.0
975.0
985.0
995.0
1005.0
1014.9999999999999
1025.0
1035.0
1045.0
1055.0
1065.0
1075.0
1085.0000000000002
1094.9999999999998
1105.0
1115.0
1125.0
1134.9999999999998
1145.0
1155.0000000000002
1165.0
1175.0
1185.0
1195.0
1205.0
1215.0000000000002
1224.9999999999998
1235.0
1245.0
1255.0000000000002
1264.9999999999998
1275.0
1285.0
1295.0
1305.0
1315.0
1325.0
1335.0
1345.0
1355.0
1365.0
1375.0
1385.0000000000002
1394.9999999999998
1405.0
1415.0
1425.0
1435.0
1445.0
1455.0000000000002
1465.0
1475.0
1485.0
1495.0
1505.0
1515.0
1524.9999999999998
1535.0
1545.0
1555.0000000000002
1564.9999999999998
1575.0
1585.0000000000002
1595.0
1605.0
1615.0
1625.0
1635.0
1645.0
1655.0
1665.0
1675.0
1685.0
1694.9999999999998
1705.0
1715.0
1725.0
1735.0
1745.0
1755.0000000000002
1765.0
1775.0
1785.0
1795.0
1805.0
1815.0
1824.9999999999998
1835.0
1845.0
1855.0
1865.0
1875.0
1885.0000000000002
1895.0
1905.0
1915.0
1925.0
1935.0
1945.0
1955.0
1965.0
1975.0
1985.0
1994.9999999999998
2005.0
2015.0000000000002
2024.9999999999998
2035.0
2045.0
2055.0
2065.0
2075.0
2085.0
2095.0
2105.0
2114.9999999999995
2125.0
2135.0
2145.0
2155.0000000000005
2165.0000000000005
2174.9999999999995
2184.9999999999995
2195.0
2205.0
2215.0
2225.0
2235.0000000000005
2245.0
2255.0
2264.9999999999995
2275.0
2285.0
2295.0
2305.0000000000005
2315.0
2325.0
2335.0
2345.0
2355.0
2365.0
2374.9999999999995
2385.0
2395.0
2405.0
2415.0
2425.0000000000005
2435.0
2444.9999999999995
2455.0
2465.0
2475.0
2485.0
2495.0000000000005
2505.0000000000005
2514.9999999999995
2524.9999999999995
2535.0
2545.0
2555.0
2565.0
2575.0000000000005
2585.0
2595.0
2605.0
2615.0
2625.0
2635.0
2645.0
2655.0
2665.0
2675.0
2685.0
2695.0
2705.0
2715.0
2725.0
2735.0
2745.0
2755.0000000000005
2765.0000000000005
2774.9999999999995
2784.9999999999995
2795.0
2805.0
2815.0
2825.0
2835.0000000000005
2845.0
2854.9999999999995
2865.0
2875.0
2885.0
2895.0
2905.0000000000005
2915.0
2925.0
2935.0
2945.0
2955.0
2965.0
2974.9999999999995
2985.0
2995.0
3005.0
3015.0000000000005
3025.0
3035.0
3044.9999999999995
3055.0
3065.0
3075.0
3085.0
3095.0000000000005
3105.0000000000005
3114.9999999999995
3124.9999999999995
3135.0
3145.0
3155.0
3165.0000000000005
3175.0000000000005
3185.0
3194.9999999999995
3205.0
3215.0
3225.0
3235.0
3245.0
3255.0
3265.0
3275.0
3285.0
3295.0
3305.0
3315.0
3325.0
3335.0
3345.0
3355.0000000000005
3365.0
3375.0
3384.9999999999995
3395.0
3405.0
3415.0
3425.0
3435.0000000000005
3445.0
3454.9999999999995
3465.0
3475.0
3485.0
3495.0
3505.0000000000005
3515.0
3525.0
3534.9999999999995
3545.0
3555.0
3565.0
3575.0000000000005
3585.0
3595.0
3605.0
3615.0000000000005
3625.0
3635.0
3644.9999999999995
3655.0
3665.0
3675.0
3685.0
3695.0000000000005
3705.0
3714.9999999999995
3725.0
3735.0
3745.0
3755.0
3765.0000000000005
3775.0000000000005
3785.0
3794.9999999999995
3805.0
3815.0
3825.0
3835.0
3845.0
3855.0
3865.0
3875.0
3885.0
3895.0
3905.0
3915.0
3925.0
3935.0
3945.0
3955.0000000000005
3965.0
3975.0
3984.9999999999995
3995.0
4005.0
4015.0
4025.0000000000005
4035.0000000000005
4044.9999999999995
4054.9999999999995
4065.0
4075.0
4085.0
4095.0
4105.0
4115.0
4125.0
4135.0
4145.0
4155.0
4165.0
4175.0
4185.0
4195.0
4205.0
4215.0
4224.999999999999
4235.0
4245.0
4254.999999999999
4265.0
4275.0
4285.0
4295.0
4305.000000000001
4315.0
4325.000000000001
4335.0
4344.999999999999
4355.0
4364.999999999999
4375.0
4385.0
4395.0
4405.0
4415.0
4425.0
4435.0
4445.0
4455.0
4465.000000000001
4475.0
4485.0
4495.0
4505.0
4515.0
4524.999999999999
4535.0
4545.0
4555.0
4565.0
4575.000000000001
4585.0
4595.0
4605.000000000001
4614.999999999999
4625.0
4634.999999999999
4645.0
4655.0
4665.0
4675.0
4685.0
4695.0
4705.0
4715.000000000001
4725.0
4735.000000000001
4744.999999999999
4755.0
4765.0
4774.999999999999
4785.0
4795.0
4805.0
4815.0
4825.0
4835.0
4845.000000000001
4855.0
4865.0
4875.000000000001
4884.999999999999
4895.0
4905.0
4915.0
4925.0
4934.999999999999
4945.0
4955.0
4965.0
4975.0
4985.000000000001
4995.0
5005.000000000001
5015.0
5024.999999999999
5035.0
5044.999999999999
5055.0
5065.0
5075.0
5085.0
5095.000000000001
5105.0
5115.0
5125.0
5135.0
5145.000000000001
5154.999999999999
5165.0
5175.0
5185.0
5195.0
5205.0
5215.0
5225.0
5235.0
5245.0
5255.000000000001
5265.0
5275.0
5285.0
5294.999999999999
5305.0
5315.0
5325.0
5335.0
5345.0
5355.0
5365.0
5375.0
5385.0
5395.000000000001
5405.0
5415.0
5425.0
5435.0
5445.0
5454.999999999999
5465.0
5475.0
5485.0
5495.0
5505.000000000001
5515.0
5525.000000000001
5535.0
5544.999999999999
5555.0
5564.999999999999
5575.0
5585.0
5595.0
5605.0
5615.0
5625.0
5635.0
5645.0
5655.0
5665.000000000001
5675.0
5685.0
5695.0
5704.999999999999
5715.0
5725.0
5735.0
5745.0
5755.0
5765.0
5775.000000000001
5785.0
5795.0
5805.000000000001
5814.999999999999
5825.0
5834.999999999999
5845.0
5855.0
5865.0
5875.0
5885.0
5895.0
5905.0
5915.000000000001
5925.0
5935.000000000001
5944.999999999999
5954.999999999999
5965.0
5974.999999999999
5985.0
5995.0
6005.0
6015.0
6025.000000000001
6035.0
6045.0
6055.0
6065.0
6075.000000000001
6084.999999999999
6095.0
6105.0
6115.0
6125.0
6135.0
6145.0
6155.0
6165.0
6175.0
6185.000000000001
6195.0
6205.000000000001
6215.0
6224.999999999999
6235.0
6244.999999999999
6255.0
6265.0
6275.0
6285.0
6295.0
6305.0
6315.0
6325.000000000001
6335.0
6345.000000000001
6354.999999999999
6365.0
6375.0
6384.999999999999
6395.0
6405.0
6415.0
6425.0
6435.000000000001
6445.0
6455.000000000001
6465.0
6475.0
6485.0
6494.999999999999
6505.0
6515.0
6525.0
6535.0
6545.0
6555.0
6565.0
6575.0
6585.0
6595.000000000001
6605.0
6615.0
6625.0
6634.999999999999
6645.0
6654.999999999999
6665.0
6675.0
6685.0
6695.0
6705.000000000001
6715.0
6725.0
6735.000000000001
6745.0
6755.0
6764.999999999999
6775.0
6785.0
6795.0
6805.0
6815.0
6825.0
6835.0
6845.0
6855.0
6865.000000000001
6875.0
6885.0
6895.0
6904.999999999999
6915.0
6925.0
6935.0
6945.0
6955.0
6965.0
6975.0
6985.0
6995.0
7005.000000000001
7014.999999999999
7025.0
7035.0
7045.0
7055.0
7064.999999999999
7075.0
7085.0
7095.0
7105.0
7115.000000000001
7125.0
7135.000000000001
7145.000000000001
7154.999999999999
7165.0
7174.999999999999
7185.0
7195.0
7205.0
7215.0
7225.000000000001
7235.0
7245.0
7255.0
7265.0
7275.000000000001
7284.999999999999
7295.0
7305.0
7314.999999999999
7325.0
7335.0
7345.0
7355.0
7365.0
7375.0
7385.000000000001
7395.0
7405.0
7415.000000000001
7424.999999999999
7435.0
7445.0
7455.0
7465.0
7475.0
7485.0
7495.0
7505.0
7515.0
7525.000000000001
7535.0
7545.000000000001
7554.999999999999
7565.0
7575.0
7584.999999999999
7595.0
7605.0
7615.0
7625.0
7635.000000000001
7645.0
7655.0
7665.0
7675.0
7685.0
7694.999999999999
7705.0
7715.0
7725.0
7735.0
7745.0
7755.0
7765.0
7775.0
7785.0
7795.000000000001
7805.0
7815.0
7825.0
7834.999999999999
7845.0
7855.0
7865.0
7875.0
7885.0
7895.0
7905.000000000001
7915.0
7925.0
7935.000000000001
7945.0
7955.0
7964.999999999999
7975.0
7985.0
7994.999999999999
8005.0
8015.0
8025.0
8035.0
8045.000000000001
8055.0
8065.000000000001
8075.0
8084.999999999999
8095.0
8104.999999999999
8115.0
8125.0
8135.0
8145.0
8155.000000000001
8165.0
8175.0
8185.0
8195.0
8205.0
8215.0
8225.0
8235.0
8245.0
8255.0
8265.0
8275.0
8285.0
8294.999999999998
8305.0
8315.0
8325.0
8335.0
8345.0
8355.0
8365.0
8375.0
8385.0
8395.000000000002
8405.0
8415.0
