0.0 757.0698814851573
0.2 757.1040667795174
0.4 756.7975868210809
0.6 756.2770242262784
0.8 755.5480209838089
1.0 754.61296222719
1.2 753.4729032591225
1.4 752.127903875898
1.6 750.5771180357192
1.8 748.8188032129474
2.0 746.8502894798977
2.2 744.6679194848003
2.4 742.2669611804707
2.6 739.6414909374406
2.8 736.7842417975552
3.0 733.6864087931501
3.2 730.3373997952269
3.4 726.7245156624502
3.6 722.8325367717953
3.8 718.6431831546748
4.0 714.1344005429585
4.2 709.279401433235
4.4 704.045353156961
4.6 698.3915435918184
4.8 692.2667499449033
5.0 685.6053477711777
5.2 678.3213431218028
5.4 670.2988027366166
5.6 661.3756343170984
5.8 651.314075976764
6.0 639.7416927286359
6.2 626.0166636740158
6.4 608.8505520240335
6.6 584.7715710498691
6.8 531.5239065727272
7.0 370.587406167832
7.2 367.9043526716701
7.4 365.13809939634905
7.6 362.3048473906362
7.8 359.40459612332074
8.0 356.4373107398182
8.2 353.40292145911855
8.4 350.3013228544216
8.6 347.13237300997383
8.8 343.8958925454341
9.0 340.5916634977509
9.2 337.21942804901084
9.4 333.77888708697475
9.6 330.2696985830267
9.8 326.6914757699654
10.0 323.0437850994201
10.2 319.3261439555957
10.4 315.5380180984728
10.6 311.6788188053959
10.8 307.7478996750595
11.0 303.74455305209256
11.2 299.66800602355454
11.4 295.51741593045966
11.6 291.29186532764146
11.8 286.99035631348556
12.0 282.6118041368304
12.2 278.15502997105915
12.4 273.6187527243217
12.6 269.0015797289433
12.8 264.3019961211194
13.0 259.5183526822872
13.2 254.64885186389944
13.4 249.69153165477337
13.6 244.64424687082067
13.8 239.50464734546844
14.0 234.27015236820355
14.2 228.93792054839832
14.4 223.50481405793298
14.6 217.9673559093877
14.8 212.3216785285119
15.0 206.56346133936688
15.2 200.6878543377524
15.4 194.68938359318855
15.6 188.56183315473936
15.8 182.2980957286594
16.0 175.88998140931787
16.2 169.32796913290477
16.4 162.60087847754517
16.6 155.69542839848776
16.8 148.59563171364724
17.0 141.28194460082216
17.2 133.7300393890606
17.4 125.90897715232637
17.6 117.77838283417933
17.8 109.28387592041038
18.0 100.3492510982742
18.2 90.8620934939051
18.4 80.64461638900812
18.6 69.38571121770174
18.8 56.44337078780799
19.0 39.955642022113445
19.2 0.0
19.4 0.0
19.6 0.0
19.8 0.0
20.0 0.0
20.2 0.0
20.4 0.0
20.6 0.0
20.8 0.0
21.0 0.0
21.2 0.0
21.4 0.0
21.6 0.0
21.8 0.0
22.0 0.0
22.2 0.0
22.4 0.0
22.6 0.0
22.8 0.0
23.0 0.0
23.2 0.0
23.4 0.0
23.6 0.0
23.8 0.0
24.0 0.0
24.2 0.0
24.4 0.0
24.6 0.0
24.8 0.0
25.0 0.0
25.2 0.0
25.4 0.0
25.6 0.0
25.8 0.0
26.0 0.0
26.2 0.0
26.4 0.0
26.6 0.0
26.8 0.0
27.0 0.0
27.2 0.0
27.4 0.0
27.6 0.0
27.8 0.0
28.0 0.0
28.2 0.0
28.4 0.0
28.6 0.0
28.8 0.0
29.0 0.0
29.2 0.0
29.4 0.0
29.6 0.0
29.8 0.0
30.0 0.0
