0.0 755.8514609014411
0.2 755.8807743631177
0.4 755.5714927221983
0.6 755.0468743699045
0.8 754.3122949558432
1.0 753.3701690569164
1.2 752.2215667712271
1.4 750.86654782191
1.6 749.304251229054
1.8 747.5329043770166
2.0 745.5497914189655
2.2 743.3511921319431
2.4 740.9322930096079
2.6 738.2870681305168
2.8 735.4081244217078
3.0 732.2865030511795
3.2 728.9114251443184
3.4 725.2699652186233
3.6 721.3466288817816
3.8 717.122801246835
4.0 712.5760172444382
4.2 707.6789812686615
4.4 702.3982256061446
4.6 696.6922343420036
4.8 690.5087518933558
5.0 683.780803052178
5.2 676.4205901104763
5.4 668.3097119952928
5.6 659.2826045772639
5.8 649.0964694912655
6.0 637.3713551278707
6.2 623.4542128854213
6.4 606.0430361002022
6.6 581.704314603487
6.8 500.0278940959595
7.0 421.34881378975024
7.2 418.92795325022786
7.4 416.778342471185
7.6 414.42977611400545
7.8 412.10384411721896
8.0 409.70298082300604
8.2 407.27428820351304
8.4 404.7963936548889
8.6 402.28059670014466
8.8 399.7226222712313
9.0 397.12581585766895
9.2 394.4898029582471
9.4 391.81607860730196
9.6 389.1052822542663
9.8 386.35851865082634
10.0 383.57673600915217
10.2 380.76102000836573
10.4 377.91246534740105
10.6 375.03223870279356
10.8 372.1215578134425
11.0 369.18170683494844
11.2 366.2140370719738
11.4 363.219973999499
11.6 360.20102231362495
11.8 357.15877216545425
12.0 354.0949054299348
12.2 351.01120241306637
12.4 347.9095488553487
12.6 344.7919432610518
12.8 341.6605045159745
13.0 338.5174797612131
13.2 335.3652524696854
13.4 332.2063506537095
13.6 329.0434551067449
13.8 325.8794075514977
14.0 322.7172185279731
14.2 319.560074807051
14.4 316.41134605547387
14.6 313.27459040389886
14.8 310.1535584772387
15.0 307.05219533119237
15.2 303.97463959461203
15.4 300.9252189362928
15.6 297.90844074668917
15.8 294.9289766366803
16.0 291.9916389897645
16.2 289.1013473395049
16.4 286.2630817548858
16.6 283.48181967419646
16.8 280.7624517086046
17.0 278.109670834505
17.2 275.52782815816994
17.4 273.02074724300627
17.6 270.5914882806556
17.8 268.2420541152714
18.0 265.97303413347987
18.2 263.78319244721587
18.4 261.6690280708877
18.6 259.62437111043937
18.8 257.6401290742823
19.0 255.7043449590046
19.2 253.80273504045115
19.4 251.9197928848469
19.6 250.04037401100427
19.8 248.1515008272666
20.0 246.24408494900695
20.2 244.31440838948862
20.4 242.3618522952153
20.6 240.38576900183344
20.8 238.38548022720207
21.0 236.36027512252016
21.2 234.3094081684194
21.4 232.23209690160323
21.6 230.12751945614957
21.8 227.99481190198367
22.0 225.83306536127827
22.2 223.64132288162236
22.4 221.41857604274205
22.6 219.163761271351
22.8 216.87575583637582
23.0 214.55337349439105
23.2 212.19535975266146
23.4 209.80038671483533
23.6 207.3670474722184
23.8 204.89385000191064
24.0 202.3792105322856
24.2 199.8214463368173
24.4 197.21876791991812
24.6 194.56927056433608
24.8 191.87092522042553
25.0 189.121568735671
25.2 186.3188934517342
25.4 183.46043624127634
25.6 180.54356712564154
25.8 177.56547771881057
26.0 174.52316990034655
26.2 171.4134453569489
26.4 168.23289698944518
26.6 164.97790372274767
26.8 161.64463107950965
27.0 158.22904114132618
27.2 154.7269174781251
27.4 151.13391369292495
27.6 147.44563909979246
27.8 143.65780291065624
28.0 139.76645121410456
28.2 135.76835267913566
28.4 131.66162612995183
28.6 127.44676899656541
28.8 123.12836645134936
29.0 118.7179930296983
29.2 114.23929256886242
29.4 109.73728242112269
29.6 105.29665952416788
29.8 101.08283106121807
30.0 97.46538705507321
